SBS1	SBS2	SBS3	SBS5	SBS8	SBS13	SBS17a	SBS17b	SBS18	SBS34	SBS100	SBS30	SBS31	ID1	ID2	ID3	ID4	ID5	ID6	ID8	ID9	ID10	ID11b	ID12	ID17	ID18	ID19	ID20	ID21	ID22	ID25	INDEL_de_novo_Sig1	Sig1	Sig2	Sig3	Sig4	Sig5	Sig6	Sig7	Sig8	sample	total_sbs_burden	total_indel_burden	total_sv_burden	Sig1_lt_0.5	Sig2_lt_0.5	Sig3_lt_0.5	Sig4_lt_0.5	Sig5_lt_0.5	Sig6_lt_0.5	Sig7_lt_0.5	Sig8_lt_0.5	Sig1_0.5_4.5	Sig2_0.5_4.5	Sig3_0.5_4.5	Sig4_0.5_4.5	Sig5_0.5_4.5	Sig6_0.5_4.5	Sig7_0.5_4.5	Sig8_0.5_4.5	Sig1_gt_4.5	Sig2_gt_4.5	Sig3_gt_4.5	Sig4_gt_4.5	Sig5_gt_4.5	Sig6_gt_4.5	Sig7_gt_4.5	Sig8_gt_4.5	Sig1_3.5_4.5	Sig2_3.5_4.5	Sig3_3.5_4.5	Sig4_3.5_4.5	Sig5_3.5_4.5	Sig6_3.5_4.5	Sig7_3.5_4.5	Sig8_3.5_4.5	Sig1_gt_3.5	Sig2_gt_3.5	Sig3_gt_3.5	Sig4_gt_3.5	Sig5_gt_3.5	Sig6_gt_3.5	Sig7_gt_3.5	Sig8_gt_3.5	total_jcn_lt_0.5_count	total_jcn_0.5_4.5_count	total_jcn_gt_4.5_count	total_jcn_3.5_4.5_count	total_jcn_gt_3.5_count	total_exposure_jcn_lt_0.5	total_exposure_jcn_0.5_4.5	total_exposure_jcn_gt_4.5	total_exposure_jcn_3.5_4.5	total_exposure_jcn_gt_3.5	SBS1_sub	SBS2_sub	SBS3_sub	SBS5_sub	SBS8_sub	SBS13_sub	SBS17a_sub	SBS17b_sub	SBS18_sub	SBS34_sub	SBS51_sub	SBS60_sub	SBS100_sub	total_snvs_sub	wholeGenomeDuplication	purity	ploidy	diploidProportion	polyclonalProportion	RCB_0_or_1	has_detected_subclone	participant	gBRCAm_type
0.0166305072660966	0.0471852030783409	0.165033209149353	0.119518014421188	0.0834403607312378	0.0651103198561976	0	0	0	0	0	0	0	0	0	0	0	0.0586144577624803	0.204660277806429	0.114922087249	0	0	0	0	0	0	0	0	0	0	0.0683695487526949	0.0264277515571083	0.045040989757209	0.0934930880582401	0	0.0610046653161771	0.144589958399998	0	0	0.176336346977542	Patient1	5726	947	193	0.110713572660781	0.365970004871609	0	0	0.309031432785376	0	0	0.214284989682234	0.0704507033664067	0.173365309127312	0	0.125074770701024	0.280766867271636	0	0	0.350342349533621	NA	NA	NA	NA	NA	NA	NA	NA	0	0	0	0	1	0	0	0	0	0	0	0	1	0	0	0	8	182	0	3	3	9.63231087689435	196.715904187049	NA	3.13441570874153	3.13441570874153	0.0385728356934428	0.0728742942986652	0.439801581917683	0.236927222865621	0	0.0865849206568853	0	0	0	0	0	0	0.0892240923827888	1270	false	0.48	1.96	0.4764	0.0929	0	TRUE	Patient1	2
0.0264663710222041	0	0.273258236206143	0	0.0875561447479391	0	0	0	0.0564510888978983	0	0.0524409284036631	0	0	0.0431141611299807	0.151077834450164	0	0	0	0.0818291806575319	0.111400368563373	0	0	0	0.0319054596474919	0	0	0	0	0	0	0.0514589492465496	0.0243573886412286	0.0633380184690011	0.0309074261403512	0.369081551219769	0	0	0	0	0.0326805486340927	Patient101	7555	1750	692	0.613603756151338	0	0.183963046184618	0	0.198891065421856	0	0	0.00354213224218792	0.113876413369365	0.0615516621220505	0.732309466369126	0.021630675690642	0.00913124833405736	0	0	0.0615005341147595	0	0	0	0.219999278498275	0.262889968019634	0	0	0.517110753482091	0	0.186958748114706	0.598090199760558	0	0	0	0	0.214951052124736	0	0.151703673132075	0.496924513017909	0	0.0455524279673739	0	0	0.305819385882642	8	677	3	14	17	8.68384333856693	688.742392406722	3.95247098432606	12.6462759247537	15.6175262357284	0.0613754537910241	0	0.316132417555629	0.231521390014422	0.220851782205145	0	0	0	0	0	0	0	0.125075269349414	138	true	0.68	2.94	0.0055	0.1204	0	TRUE	Patient101	1
0.0187810142892295	0	0.201142794059988	0.115082682734492	0.120241233981889	0	0	0	0	0	0.0473573442722609	0	0	0	0	0	0	0.0718937221910429	0.203601076448805	0.0807266796600049	0	0	0	0	0	0	0	0	0	0	0.0724404599959827	0.0496001258850721	0.0248236352062674	0.062153513270754	0	0.0157899739067349	0.197609519761115	0	0	0.175919990312463	Patient109	11860	1533	428	0.446325141308536	0	0	0	0.500945388663617	0	0	0.0527294700278473	0.0449053324361338	0.125860291004979	0.00514579472157587	0.0287683357198551	0.367543363159016	0	0.090257820262859	0.337519062695581	0	0	0	0	0.854768880340294	0	0.145231119659706	0	0	0	0	0	0.453534455493031	0	0.147772998605562	0.398692545901408	0	0	0	0	0.542080133086531	0	0.142131362770746	0.315788504142723	4	418	5	7	12	2.39694614147732	403.403450908987	3.29747308241102	10.0588241136775	13.606614292025	0.0686499280065136	0	0.345093573041438	0.408061366197453	0.107809790971974	0	0	0.0139984772888433	0	0	0	0	0	1181	false	0.48	1.8	0.3739	0.018	0	TRUE	Patient109	2
0.0247814642238308	0.0159251317771495	0.245511107829975	0.143399073645854	0	0.0212017959344959	0	0	0.043632796282984	0	0	0	0	0	0	0	0	0	0.191364974871112	0.100478492065292	0	0	0	0	0	0	0	0	0	0	0.0749131686859045	0.12341867294552	0.0916787624138257	0.0866999638740251	0	0.0136065177557461	0.0761815436662231	0	0	0.237580768188534	Patient113	7874	1295	161	NA	NA	NA	NA	NA	NA	NA	NA	0.072536228067053	0.192542497874279	0.00610404954968613	0.0249089500496331	0.152049514592314	0	0.0396747118072334	0.512184048059801	0	0	0	0	0.494143927271707	0	0	0.505856072728293	0	0	0	0	0.316689035469593	0	0	0.683310964530407	0	0	0	0	0.388014728281735	0	0	0.611985271718265	NA	140	2	3	5	NA	146.707368421931	2.31965277648617	3.45153171875576	5.77118449524193	NA	NA	NA	NA	NA	NA	NA	NA	NA	NA	NA	NA	NA	NA	true	0.27	3.3	0.0097	0.5009	0	FALSE	Patient113	2
0.0236095699737804	0	0.229585215528567	0.167404159683601	0	0.0253942041258845	0	0	0	0	0.0484488326715094	0	0	0	0	0	0	0	0.159908920027039	0.173556792252723	0	0	0	0	0	0	0	0	0	0	0.0497366713001632	0.113818340455931	0.102808914642147	0.0103902945451	0.298172395583332	0.0604664898075134	0	0	0	0.0480512367897253	Patient15	4849	634	54	NA	NA	NA	NA	NA	NA	NA	NA	0.160531064170241	0.0198465124440161	0.570511627321888	0.114299555290705	0	0	0.0530954409445452	0.081715799828605	NA	NA	NA	NA	NA	NA	NA	NA	0	0	0	1	0	0	0	0	0	0	0	1	0	0	0	0	NA	52	0	1	1	NA	58.7218398672418	NA	1.51355359884562	1.51355359884562	NA	NA	NA	NA	NA	NA	NA	NA	NA	NA	NA	NA	NA	NA	true	0.16	2.82	0.0418	0.3085	1	FALSE	Patient15	1
0.0299646877685236	0	0.30651986617011	0.110347157180338	0	0	0	0	0	0	0.0475753753458398	0	0	0	0.0300323520538997	0	0	0.0563243170493037	0.175594188201981	0.0949321624894918	0	0	0	0	0	0	0	0	0	0	0.0639792937094124	0.0622362635432654	0.0338286111829684	0.0705952202186403	0.0261014631291841	0.0852006108764794	0.142435012639346	0	0	0.136225268682116	Patient17	7488	1227	413	0.0572115028693813	0.062669388345263	0.116288806686481	0	0.460647811600226	0.151940842828434	0.076752180542177	0.0744894671280381	0.0627332950761557	0.139092193812907	0.046072554996646	0.168656562924948	0.241789056601042	0	0.0899681811183107	0.25168815546999	NA	NA	NA	NA	NA	NA	NA	NA	0.439445575300046	0	0	0.374250599302012	0	0	0.186303825397942	0	0.439445575300046	0	0	0.374250599302012	0	0	0.186303825397942	0	19	393	0	3	3	18.5975390746858	406.093853646064	NA	2.42761042935651	2.42761042935651	0.057514046405201	0	0.496509402207419	0.316440867038744	0	0	0	0	0	0	0	0	0.0790138801030036	1549	true	0.57	2.64	0.0419	0.2853	0	TRUE	Patient17	1
0.0199574540697693	0	0.161529776318675	0.133227658286531	0.114680022587378	0.0252173480029518	0	0	0	0	0.044850103012895	0	0	0	0	0	0	0	0.180032146904297	0.199167549882723	0	0	0	0	0	0	0	0	0	0	0.0541041031110569	0.0488968541870609	0.0589901928599465	0.0308033060677492	0.259754107388725	0.0531281749425576	0.0458826179784186	0	0	0.0522058567145122	Patient18	8568	1173	477	NA	NA	NA	NA	NA	NA	NA	NA	0.113847859549112	0.0581631192326658	0.507833228128483	0.102336618293052	0.089122869868143	0.0338145533215264	0	0.0948817516070183	0	0.277145446709932	0.369308343477876	0	0	0	0	0.353546209812192	0	0	0.664309783368137	0	0.0515315029866946	0.0576326533571435	0.165170801387555	0.0613552589004703	0	0.0753972618490205	0.602673819423145	0	0.0353325320863089	0.0262626339964175	0.114565027022852	0.145768725622255	NA	471	4	13	17	NA	485.366603887937	4.24419366030968	11.9700904841568	15.8025560203231	NA	NA	NA	NA	NA	NA	NA	NA	NA	NA	NA	NA	NA	NA	true	0.43	3.35	0.002	0.3814	1	FALSE	Patient18	1
0.0671197176467172	0	0	0.391348523463718	0	0	0	0	0.0352585903489772	0	0	0	0	0	0.137116186830327	0	0.0307407759411854	0.0473669868608579	0	0	0	0	0	0.286260895649352	0	0	0	0	0	0	0.020086427432619	0	0.0595666568122953	0.0197198322715713	0.0318738942849342	0.100864986931319	0.0626751248780584	0	0.112854597986287	0.103409012209465	Patient20	10750	7253	182	NA	NA	NA	NA	NA	NA	NA	NA	0.137330856923348	0.0478839567392577	0.0777587647833398	0.236170961116944	0.104596494616248	0	0.158058349654161	0.238200616166701	0	0	0	0.0498925671794491	0.204230469048836	0	0.671911507351	0.0739654564207148	0	0	0	0.123162470606204	0.159889959544073	0.191014280215458	0	0.525933289634265	0	0	0	0.0818248601804804	0.207713636925688	0	0.472738065507329	0.237723437386503	NA	153	27	14	41	NA	147.316990717497	25.5378186386928	11.5437798686446	35.1023672949323	NA	NA	NA	NA	NA	NA	NA	NA	NA	NA	NA	NA	NA	NA	true	0.59	4.9	0	0.4678	0	FALSE	Patient20	1
0.0221371692530561	0.0172373063702658	0.380063437987395	0	0	0.0292820245961351	0	0	0	0	0.0482118088899003	0	0	0	0.0738582824561529	0	0	0.0570391267038652	0.12237813720024	0.111518261152537	0	0	0	0	0	0	0	0	0	0	0.078776410212247	0.0445984991301907	0.0504671134429149	0.0482230090420023	0.221102102134318	0.0485586638990732	0.0560185638696275	0	0	0.0776234612266132	Patient25	17198	3211	669	0.204227566547288	0.22705165095647	0.289793286414192	0.0782879382814596	0.019059278552283	0.0189341828001072	0.0631985655682994	0.0994475308799009	0.0880823927134491	0.0889315536430597	0.443427473955545	0.0957620224551579	0.106685021159494	0	0.0310108844975611	0.146100651575733	NA	NA	NA	NA	NA	NA	NA	NA	0	0	0	0.564500240715498	0.435499759284502	0	0	0	0	0	0	0.564500240715498	0.435499759284502	0	0	0	32	632	0	2	2	31.1100098701669	648.946608252885	NA	1.58823438988376	1.58823438988376	0.0361405530366037	0.0273915401388245	0.75207069643896	0	0	0.0584622500183522	0	0.0170858719829	0	0	0	0	0.101986524642895	5179	true	0.57	2.72	0.0354	0.4089	0	TRUE	Patient25	1
0.0215836934819071	0	0.301287754912617	0.108341542710505	0	0.0215399440027755	0	0	0	0	0.0407302618727842	0	0	0	0	0	0	0	0.169813631683873	0.233105380445889	0	0	0	0	0	0	0	0	0	0	0.0527981185903383	0.0251256555241292	0.0487876486837925	0.0293279048702184	0.398347527325136	0	0.0311917403644379	0	0	0	Patient26	7552	1267	671	NA	NA	NA	NA	NA	NA	NA	NA	0.0897134123289579	0.0549618958425276	0.761216730447106	0	0.0543915792583032	0	0.0111373626748876	0.028579019448218	0	0	0.727218840268407	0	0	0	0	0.272781159731593	0	0	0.812298872562346	0	0.187701127437654	0	0	0	0	0	0.788374536278801	0	0.104859300203712	0	0	0.106766163517487	NA	658	5	8	13	NA	705.640848683624	4.28203961811371	6.09889570212262	10.2355780415017	NA	NA	NA	NA	NA	NA	NA	NA	NA	NA	NA	NA	NA	NA	true	0.4	2.98	0.0657	0.3905	1	FALSE	Patient26	1
0.0242972408400744	0	0.333772486699071	0	0.0799105876119504	0	0	0	0	0	0.0600792284651884	0	0	0	0.0305799296692713	0	0	0.0654225575581428	0.139419152519947	0.128629984855334	0	0	0	0	0	0	0	0	0	0	0.064607776922938	0.0671493000313004	0.0434431640760876	0.161725744933194	0.102841593125356	0.0344334751783386	0.0797211954955795	0	0	0.0727644445538553	Patient33	13341	1936	846	0.238141831851723	0.352650936629004	0.273498664078198	0	0.0194303824970799	0	0	0.116278184943996	0.0641023243073201	0.314689275683182	0.20235633007427	0.071500276800401	0.153487737730785	0.014801122389652	0.039102236523119	0.139960696491271	0	0.614750102094543	0.121090901643553	0	0.264158996261904	0	0	0	0	0.668588445668812	0	0	0.331411554331188	0	0	0	0	0.634528637243947	0.076709472279111	0	0.288761890476942	0	0	0	43	775	16	9	25	40.1040268734832	785.843168525132	15.3388943638575	8.81270550901158	24.1465233611615	0.0355846976783035	0	0.458596542598843	0.273342969532973	0.1066478853562	0	0	0	0	0	0	0	0.101947720222133	4335	true	0.91	2.92	0.0813	0.1279	0	TRUE	Patient33	1
0.0259381957455583	0.0438178232627668	0.351114122433991	0	0	0.073361240912543	0	0	0	0	0	0	0	0	0	0	0	0.0541465359801617	0.251292452187849	0.0850575285096268	0	0	0	0	0	0	0	0	0	0	0.0472064133122667	0.0404716314185408	0.0380715865624514	0.0457916031263023	0.0171245978700021	0	0.0766293390293057	0	0	0.316033170774034	Patient34	7698	1288	156	0	0.175494805843337	0.077037476368231	0	0.0616767162990535	0	0	0.685791001489379	0.0626767969068689	0.0845901916062687	0.0305515668477564	0	0.148907542186538	0.0749915293709633	0	0.598282373081605	NA	NA	NA	NA	NA	NA	NA	NA	0	0.595673002413629	0	0	0	0	0	0.404326997586371	0	0.595673002413629	0	0	0	0	0	0.404326997586371	8	146	0	2	2	6.70654553555491	152.660985807515	NA	1.97580416805608	1.97580416805608	0	0.06041196980258	0.448068228894026	0.259625716864029	0	0.116733509287887	0	0	0.0415402046425396	0	0	0	0.0586629575402956	1011	true	0.48	2.48	0.0833	0.2226	1	TRUE	Patient34	2
0.0249848226794287	0	0.409580169010803	0	0	0	0	0	0	0	0.0610367285790502	0	0	0	0.0355515917628155	0	0	0	0.162038889437293	0.14918471808104	0	0	0	0	0	0	0	0	0	0	0.0589699147751362	0.0810925669802829	0.0283562020943836	0.0405428066734881	0.224235114578198	0.115831271035616	0	0	0	0.0800905147539498	Patient37	9340	1646	535	0.0253319034776553	0	0.449844731546512	0.178706008178734	0.141092995554107	0	0	0.205024361242992	0.0508564845767161	0.0844817627314302	0.433405363288086	0.226973441861393	0.029017758145533	0	0.0343828598166595	0.140882329580182	0	0	0	0	0.188337700424412	0	0	0.811662299575588	0	0	0.916914076419553	0	0.0813955237353729	0	0.00169039984507415	0	0	0	0.412564341494369	0	0.118590390688864	0	0.0739228821722386	0.394922385644529	38	490	3	2	5	38.2820707605216	501.532168438613	1.97804011106337	1.72196603431209	3.768073688358	0.0398676072479583	0	0.524772730374807	0.229795838192381	0	0	0	0	0.0606624534734435	0	0.0514153230217865	0	0.0815132249551651	3675	true	0.79	1.96	0.122	0.3044	1	TRUE	Patient37	1
0.0234370215140837	0.0426657985007143	0.307874109295735	0	0	0.0881135135625543	0	0	0	0	0.0340154430844649	0	0	0	0	0	0	0	0.143339329885278	0.194906043389685	0	0	0	0	0	0	0	0	0	0	0.0703250267770481	0.068316762676772	0.0697839143817433	0.0360368871892518	0.25339755492209	0.0291610946264039	0.0505602458786066	0	0	0.0745774829126138	Patient43	10682	1228	540	0.30829885835064	0.339895765477668	0	0	0	0.141332026650739	0	0.210473349520953	0.122941851803543	0.0670757448003454	0.504287533259274	0.0597930408357107	0.0882208311611364	0	0.0172637027281421	0.140417295411848	0.205073948811565	0	0.339969250384972	0	0.275357149633032	0	0.0852729186162912	0.0943267325541408	0.169763920890738	0.189573663803926	0.148728257205675	0	0.148328916364242	0	0.343605241735419	0	0.198064480960832	0.0448002025668866	0.297402052376284	0	0.247408173411587	0	0.147073497541247	0.0652515931431632	9	505	23	7	30	10.3801507994106	543.495451352241	20.6294389284459	6.25258093041579	26.7190293866588	0.04680012507746	0.0682406655784746	0.266968079328236	0.427567067854646	0	0.142635781102106	0	0	0	0	0	0	0.0241680188488787	1054	true	0.42	3	0.0101	0.4668	0	TRUE	Patient43	1
0.0219075386206055	0.0283356559486288	0.34776737373923	0	0	0.0200611565842275	0	0	0.0742591462720735	0	0	0	0	0	0	0	0	0	0.265202042204276	0.0905612409719497	0	0	0	0	0	0	0	0	0	0	0.0605205057093061	0.0578652649357483	0.0595714275368225	0.0452060013343998	0	0.0484973331080471	0.111196678033609	0	0	0.233528367020998	Patient44	6367	1030	144	NA	NA	NA	NA	NA	NA	NA	NA	0.100434524132402	0.0937967625092521	0	0.100803406218566	0.231280415394527	0	0	0.473684891745252	0	0	0	0	0	0	0	1	0	0	0	0	0	0.430677240089874	0	0.569322759910126	0	0	0	0	0	0.271705726616013	0	0.728294273383987	NA	140	1	2	3	NA	138.262886857309	1.50586558321062	3.7395085910542	5.03322248367496	NA	NA	NA	NA	NA	NA	NA	NA	NA	NA	NA	NA	NA	NA	true	0.43	3.25	0.0039	0.5164	0	FALSE	Patient44	2
0.0238776220390937	0	0.415929974654829	0	0	0	0	0	0	0	0.0551574586256147	0	0	0	0	0	0	0.0652999829043732	0.187747166154159	0.135736095793771	0	0	0	0	0	0	0	0	0	0	0.0571324011814215	0.0485206074059914	0.0330453449903979	0.0545098040988229	0.163377547033269	0.104816291589557	0	0	0	0.144672842663363	Patient47	10154	1066	173	NA	NA	NA	NA	NA	NA	NA	NA	0.0648434867153446	0.106791026008244	0.311490878501012	0.197117295626792	0.0284385011828727	0	0.00942900581304795	0.281889806152687	NA	NA	NA	NA	NA	NA	NA	NA	0	0	0.62729968126017	0	0	0	0	0.37270031873983	0	0	0.62729968126017	0	0	0	0	0.37270031873983	NA	171	0	3	3	NA	176.586561033763	NA	2.98038000814353	2.98038000814353	NA	NA	NA	NA	NA	NA	NA	NA	NA	NA	NA	NA	NA	NA	true	0.33	2.7	0.0625	0.4674	1	FALSE	Patient47	1
0.0297482047209837	0.0201553605183549	0.298591673908807	0.10035676008516	0	0.0276663985766132	0	0.01275948280036	0	0	0	0	0	0	0	0	0	0.0470495814551173	0.101522643178598	0.206965445118971	0	0	0	0	0	0	0	0	0	0	0.0531169305237179	0.0855990048586947	0.0804098418713616	0.0268346615377492	0.349700528458883	0	0	0	0	0.0354443097535303	Patient50	4408	507	112	NA	NA	NA	NA	NA	NA	NA	NA	0.154646466033317	0.0515641449400721	0.672109353767301	0.0110257843253085	0	0.0363722608263699	0.0135319591691508	0.0607500309384808	NA	NA	NA	NA	NA	NA	NA	NA	NA	NA	NA	NA	NA	NA	NA	NA	NA	NA	NA	NA	NA	NA	NA	NA	NA	112	0	0	0	NA	114.645716688667	NA	NA	NA	NA	NA	NA	NA	NA	NA	NA	NA	NA	NA	NA	NA	NA	NA	false	0.27	1.96	0.3127	0.1641	0	FALSE	Patient50	1
0.0202014856530879	0	0.221443088636114	0.108576756940069	0.0781260638589897	0.0242538538385929	0	0	0	0	0.0448842988986511	0	0	0	0	0	0	0.0975790846705686	0.111245701856215	0.131873773358451	0	0	0	0	0	0	0	0	0	0	0.0776208306892832	0.069797544516125	0.0948705407089099	0.0250648664611025	0.0757981029617281	0.0552816849803805	0.0422524619948958	0	0.0742934878020226	0.111012944174087	Patient55	10182	942	222	0.753953760766825	0	0	0	0.246046239233175	0	0	0	0.190248364857854	0.0545445471681644	0.165086668562844	0.120844228207991	0.085433034841134	0	0.140164819099693	0.24367833726232	0	0	0	0	0.120485541887089	0	0.879514458112912	0	NA	NA	NA	NA	NA	NA	NA	NA	0	0	0	0	0.120485541887089	0	0.879514458112912	0	3	215	3	0	3	2.83158236631135	195.492252964208	4.80658820219851	NA	4.80658820219851	0.0359624723362117	0	0.341277719990851	0.273983623391197	0.115390243969653	0	0	0	0.089299184384879	0	0	0	0.132724002061051	644	true	0.56	2.92	0.0716	0.2977	0	TRUE	Patient55	1
0.0173996398650789	0	0.258756158740376	0.113539892549903	0.0644736567655149	0	0	0	0	0	0.042036155329658	0	0	0	0	0	0	0	0.161144304013557	0.157573068610968	0	0	0	0	0	0.0544063471166222	0	0	0	0	0.0567712723422399	0.0650538311423264	0.0439813913361124	0.0708864248232679	0.216281497577306	0.0279047214071501	0.0425671746743018	0	0	0.0976619912883101	Patient57	10937	1486	557	0.112489207833873	0.126546364500343	0.430763713299323	0.0789371718140736	0.0466164863615292	0	0.0820254863683641	0.122621569822495	0.0820947015866037	0.141809694987322	0.435708630033375	0.0508599282098814	0.0875811150600134	0	0	0.201945930122804	0	0.437241385381201	0	0.5627586146188	0	0	0	0	0	0.776014025801402	0	0	0.223985974198598	0	0	0	0	0.654124620947451	0	0.218080914674248	0.127794464378301	0	0	0	41	512	2	5	7	46.4250559780641	506.323376589104	2.69150723564836	4.56013067984083	7.20946258881274	0.02373320508746	0	0.499221171291623	0.34886567220193	0	0.0274162410609344	0	0	0	0	0	0	0.0797957308098062	4228	false	0.72	1.78	0.2336	0.2747	0	TRUE	Patient57	1
0.0340341891227746	0	0.268627977478929	0.11546935269341	0	0.0341046635985708	0	0	0	0	0.0450875750993052	0	0	0	0.0528639670463387	0	0	0	0.171620294270347	0.10249167116297	0	0	0	0	0	0	0	0	0	0	0.0702216524866638	0.0904367426262138	0.0308527081505609	0.0316936368797846	0.13635214659917	0.171109327978535	0.0297917283950307	0	0	0.112845802590636	Patient58	7761	1277	362	0.133330118783295	0.146715999268648	0	0.0899928729638561	0.249042655634025	0	0.122371325358311	0.258547027991867	0.0577181673262381	0.0588303053668503	0.280210033180586	0.345838142560555	0.0224829005072581	0	0.0181749319292539	0.216745519129259	0	0.00105348880792576	0.0182743858043246	0.0973888385964153	0.883283286791334	0	0	0	0	0	0	1	0	0	0	0	0	0.000866917107385695	0	0.232745299884947	0.766387783007667	0	0	0	16	336	10	1	11	15.9743252177217	360.123622711769	8.98098978949049	1.51672905294876	10.3186215960435	0.0644332593385492	0	0.467036848058848	0.303749282631118	0	0.0435731695035782	0	0	0	0	0	0	0.0996748862423259	2539	false	0.64	1.92	0.3501	0.1326	0	TRUE	Patient58	1
0.0166958273449949	0.0226425570864326	0.250933371417812	0.120037294386159	0	0.0382285277572115	0	0	0.0449220013652341	0	0	0	0	0	0	0	0	0.0536781397031949	0.188540834245405	0.112357636205769	0	0	0	0	0	0	0	0	0	0	0.0530493283724828	0.0763467666500237	0.0579651988718851	0.0896004833736742	0.136452664107604	0	0.0764920588857373	0	0	0.0991712870404995	Patient64	9113	1465	413	0.135571744976712	0.150767952324339	0.150092884483695	0	0.217492741593162	0	0.256229212033921	0.0898454645881723	0.116405330026835	0.186829555105193	0.291837343302065	0.0264115241842548	0.128818940423201	0	0.0497540018730284	0.199943305085424	NA	NA	NA	NA	NA	NA	NA	NA	0	0	0	0	0	0	1	0	0	0	0	0	0	0	1	0	37	376	0	1	1	39.0770621273134	334.987286972614	NA	0.0578803155109802	0.0578803155109802	0.0280731017639813	0.0416466186781628	0.503139929541782	0.224411569094942	0	0.0587323178836235	0	0	0.106136788739768	0.0207451808726139	0	0	0	5734	false	0.53	2.06	0.3984	0.1913	1	TRUE	Patient64	1
0.0333770992111607	0	0.237203255535229	0.175935673436678	0	0	0	0	0.0455355825188846	0	0	0	0	0.0775992558584724	0.0933815785675496	0	0	0	0.0928163379346857	0.0808586676760351	0	0	0	0	0	0	0	0	0	0	0.048062660565196	0.107061421981781	0.0986685135138083	0.0310254458347292	0.223061467996312	0.0187274021236439	0.036630946433438	0	0	0.0958327995872718	Patient65	7387	1245	207	0.262647309563587	0.0833224002033873	0.195514099160234	0.146889416737748	0.137814202506461	0	0	0.173812571828582	0.09557896951318	0.057121397166138	0.473133590410477	0.0100836964273395	0.0526969172989237	0.131547273408716	0.0176352396684676	0.162202916106758	NA	NA	NA	NA	NA	NA	NA	NA	0	0	0	0	1	0	0	0	0	0	0	0	1	0	0	0	27	164	0	1	1	28.3267614511094	184.72583981177	NA	0.127581883625893	0.127581883625893	0.0639703529606832	0	0.32536051051207	0.446079131835312	0	0	0	0.0292878055625393	0.0781338225817799	0	0	0	0.0461754810566584	4214	false	0.77	1.64	0.2771	0.1822	0	TRUE	Patient65	1
0.0264563168648318	0	0.196564032592004	0.156253981956548	0.0822393156090295	0	0	0	0	0	0.0366293049342846	0	0	0	0.0487081534213648	0	0	0	0.129201514775415	0.128456420751506	0	0	0	0	0	0	0	0	0	0	0.0817383721625526	0.0936162312622394	0.0944446253645668	0.00559894505980074	0.273289086552817	0.0271993878188782	0	0	0	0.0950131215439337	Patient68	8887	1127	320	0.211054153173382	0.0338251766839238	0.601584124193122	0	0	0.0281246245807811	0	0.125411921368792	0.13262356515693	0.00854171782828677	0.552769607624231	0.058526367722015	0.00591843555419832	0	0.0485120609893497	0.193108245124989	NA	NA	NA	NA	NA	NA	NA	NA	0	0	1	0	0	0	0	0	0	0	1	0	0	0	0	0	37	268	0	1	1	34.8574883761203	275.451861484464	NA	1.57917452485318	1.57917452485318	0.0624199418645603	0	0.335623092036073	0.425333108460217	0	0	0	0	0.0898525622432503	0	0	0	0.0533642598391088	3793	false	0.72	1.7	0.24	0.2338	0	TRUE	Patient68	1
0.01706722861108	0.019559877498724	0.3849373679275	0	0	0	0	0	0.0701890403773937	0	0	0	0	0	0	0	0	0.0492600176725292	0.253359310469008	0.0795802477622446	0	0	0	0	0	0	0	0	0	0	0.0527792537377052	0.0486068599047869	0.0140947922011381	0.0291885839266568	0	0.042635477551982	0.0901375565731324	0	0	0.341621998429127	Patient7	10249	2006	291	0	0	0	0	0.745439114134425	0	0	0.254560885865576	0.0244566808017091	0.0579168496306083	0	0.0846929092364458	0.164964888726013	0	0	0.667968671605224	NA	NA	NA	NA	NA	NA	NA	NA	NA	NA	NA	NA	NA	NA	NA	NA	NA	NA	NA	NA	NA	NA	NA	NA	6	283	0	0	0	5.74569243075442	304.124043185765	NA	NA	NA	0	0.0336600941100108	0.452883964085709	0.330222016348957	0	0	0	0.0207929405553593	0.0975920439206809	0	0	0	0	461	false	0.46	2.12	0.2872	0.2773	0	TRUE	Patient7	2
0.0143604957953964	0	0.159006746032249	0.18697083665924	0.0996673974029811	0.0305477360124066	0	0	0	0	0	0	0	0.0306358259895711	0	0	0	0.0556016181959023	0.166418506712285	0.124071700041207	0	0	0	0	0	0	0	0	0	0	0.0603590493738751	0.0466680411196697	0.0547396852343523	0.0283198076830086	0.187091116348088	0.0625267209261563	0.0329936154671531	0	0	0.136288888982326	Patient76	12685	1860	372	0.14354767354548	0.0705716918606395	0.23099310482355	0.0310349944567704	0.256472700477744	0	0.05545658631448	0.211923248521336	0.0959009591119382	0.0521382855774337	0.393934136376437	0.139247656237185	0.0201884998733368	0.0260977934577023	0	0.272492669365967	NA	NA	NA	NA	NA	NA	NA	NA	NA	NA	NA	NA	NA	NA	NA	NA	NA	NA	NA	NA	NA	NA	NA	NA	64	307	0	0	0	66.3930413699389	315.586677107662	NA	NA	NA	0.0233597942245375	0	0.340635820470531	0.354614986385387	0.143063140479137	0.042750229751283	0	0.0170808644388971	0	0	0	0	0.0660371355387678	6952	false	0.73	1.68	0.1058	0.36	1	TRUE	Patient76	1
0.0486992813839636	0	0.252807132506899	0.156582611093147	0	0.0322183300033356	0	0	0	0	0	0	0	0	0	0	0	0.0392122049288017	0.216859252655873	0.0835169525781434	0	0	0	0	0	0	0	0	0	0	0.0338898128775787	0.139205857651042	0.0728582570417003	0	0	0	0.0386840070109075	0	0.127334566785878	0.300536815820086	Patient77	3259	513	27	NA	NA	NA	NA	NA	NA	NA	NA	0.110957764774419	0	0	0	0.0167588450673133	0	0.261806963326789	0.610476426831478	0	0	0	0	1	0	0	0	0	0	0	0	0	0	0	1	0	0	0	0	0.310036044110589	0	0	0.689963955889411	NA	25	1	3	4	NA	28.8743584871772	1.76403404533101	3.61836871570404	5.21339962259537	NA	NA	NA	NA	NA	NA	NA	NA	NA	NA	NA	NA	NA	NA	true	0.18	2.88	0.018	0.5469	0	FALSE	Patient77	2
0.0256934339317395	0	0.326085813267311	0.0986839802602016	0	0	0	0	0	0	0.0453126758525136	0	0	0	0.0406479702484853	0	0	0	0.141961718774739	0.1249933316321	0	0	0	0	0	0	0	0	0	0	0.0873504898062571	0.0708247298642134	0.0609254042801882	0.0602881009862795	0.157714001343404	0	0.050355610584768	0	0.0709175069379337	0.10542940339948	Patient80	8577	814	222	0.136450573239943	0.100778906577639	0.194902092947638	0	0	0.0130683646821661	0.554800062552614	0	0.093269197000057	0.122381709383158	0.327366617400738	0.0163831897734686	0.109587463917811	0	0.0929456883742902	0.238066134150477	NA	NA	NA	NA	NA	NA	NA	NA	0	0	0	0	0.0146259202996597	0	0.98537407970034	0	0	0	0	0	0.0146259202996597	0	0.98537407970034	0	21	196	0	2	2	23.2515087639771	202.070386040968	NA	2.16556233291178	2.16556233291178	0.0353042986789076	0	0.494081296375279	0.368305933754283	0	0	0	0	0	0	0	0	0.0632818400406629	3623	false	0.81	1.6	0.2145	0.2209	1	TRUE	Patient80	1
0.0207745193070155	0.0256883790794368	0.177123481996317	0.146575302085021	0.0887278334280028	0.0360574144813671	0	0	0	0	0	0	0	0	0	0	0	0	0.221221365270138	0.0990676617234647	0	0	0	0	0	0	0	0	0	0	0.0744090435658571	0.0716745590292793	0.0420585672371111	0.0978725038917237	0.0082453776572336	0.0303580612451858	0	0.100847891894307	0	0.195950138669185	Patient81	5287	1049	120	0	0	0	0	0.28591793360892	0.0530751645761168	0	0.661006901814963	0.0897713764157474	0.208838355124994	0.0176433369091217	0.0650821272468311	0.00718083684400826	0.213329878909678	0	0.39815408854962	NA	NA	NA	NA	NA	NA	NA	NA	NA	NA	NA	NA	NA	NA	NA	NA	NA	NA	NA	NA	NA	NA	NA	NA	3	117	0	0	0	3.22497389233197	107.14895642072	NA	NA	NA	0.0642787472562152	0	0.342374074071586	0.40163850152352	0	0.0384706046982862	0	0.0182793090033946	0.0807623154137199	0	0	0	0	1381	false	0.58	2	0.537	0.0393	1	TRUE	Patient81	2
0.027525007490001	0	0.377232216964747	0	0	0	0	0	0.0408517919805416	0	0.04997021925421	0	0	0	0.0389053087073041	0	0.0376678922052393	0	0.16582857297347	0.108638462400052	0	0	0	0	0	0	0	0	0	0	0.0623896279433183	0.0502895751558076	0.0504318323917883	0.0445273434880533	0.164918624464371	0.0801138038604969	0.0329408772240588	0	0	0.123380703761971	Patient82	6896	1187	293	0.187196392079469	0.206014461312053	0	0	0	0.253752184565694	0.353036962042784	0	0.0930836691511388	0.0838559443027382	0.335762989197655	0.166163803190549	0.0671393126377343	0	0	0.253994281520185	0	0.427162765301109	0.572837234698891	0	0	0	0	0	0	0.228163489035943	0.214191168162747	0.153901466338943	0	0	0.403743876462367	0	0	0.33008441202385	0.380683161133178	0	0	0	0.289232426842971	0	4	285	2	4	6	5.68997863417634	280.828740698603	2.75589022355725	5.14684019404088	7.12507791113837	0.0367818429834668	0	0.228787292038941	0.486200627206766	0	0	0	0	0.0969980031792115	0	0.0620611564959801	0	0.0294309143632961	559	true	0.62	3.05	0.0409	0.0163	0	TRUE	Patient82	1
0.0255879056056906	0	0.27203598783707	0.101015167540288	0	0	0	0	0.0583784647231501	0	0.0378825504422619	0	0	0	0	0	0	0	0.238806931212391	0.116670847415255	0	0	0	0	0	0	0	0	0	0	0.048607869274062	0.0811300684857632	0.0426162450804801	0.00887359858536692	0.247353674211638	0.0547280170170527	0.0445668977324775	0	0	0.100675675828929	Patient86	5294	759	134	NA	NA	NA	NA	NA	NA	NA	NA	0.0753211316207615	0.00864380848326929	0.481343681621922	0.10202091229722	0.0683657889064385	0.0095862045182978	0.0742381196967094	0.180480352855382	0	0.729470833339646	0.0426096171981445	0.163007532646254	0	0	0.0649120168159556	0	0.262924992520243	0	0.589580010519241	0	0.0712868577804919	0	0	0.0762081391800238	0.226139929602647	0.126802002531701	0.515776200915545	0	0.0578200137404107	0	0	0.0734618532096961	NA	129	4	7	11	NA	136.998857127208	1.62248244649015	8.02096096515556	9.32384744930009	NA	NA	NA	NA	NA	NA	NA	NA	NA	NA	NA	NA	NA	NA	true	0.19	3.4	0.0143	0.3384	0	FALSE	Patient86	1
0.0256954666857558	0	0.271438187208585	0.0972063696768496	0	0	0	0	0.057110820811833	0	0.0472739751594826	0	0	0	0.0271525614822961	0	0	0.0440581983045626	0.209403474494821	0.0836818662680896	0	0	0	0	0	0	0	0	0	0	0.0564557123102626	0.0535020548518454	0.0938591688984744	0.082794954683097	0	0	0.0442942570667415	0	0	0.234701522426804	Patient87	5888	1094	124	0.149970717300027	0.606428413670315	0	0	0.0598622740597848	0.0195647589389806	0.00643847885858701	0.157735357172306	0.1568086918916	0.0617066316888143	0.0128569195987711	0.00498846553220833	0.0847436161022184	0.175881239617055	0	0.503014435569333	NA	NA	NA	NA	NA	NA	NA	NA	NA	NA	NA	NA	NA	NA	NA	NA	NA	NA	NA	NA	NA	NA	NA	NA	24	97	0	0	0	21.3763989682646	95.1410641333509	NA	NA	NA	0.050751938746716	0	0.536391765541099	0.19028286707565	0	0	0	0	0.0986998417329703	0	0	0	0.0854461888924919	3167	false	0.89	2.1	0.256	0.3589	0	TRUE	Patient87	2
0.0338504434470263	0.0223630623622983	0.196029010223666	0.123738949283447	0.0714611834992323	0.0469299586256334	0	0	0	0	0	0	0	0	0	0	0	0.0504657548190241	0.154898357034284	0.167615363266517	0	0	0	0	0	0	0	0	0	0	0.0745941986924061	0.043036678815896	0.0743329615690423	0.0506141128192733	0.145819542959921	0	0.0936945680052144	0	0	0.0596922231172489	Patient90	10294	1104	377	0.193225524822025	0.107149987008707	0.24950707518913	0.0863435784986415	0	0.0979194065268034	0.170305913861763	0.0955485140929294	0.164293382759038	0.113284958214092	0.357107639710812	0.0185376212112326	0.17668303659312	0	0.0350571196578539	0.13503624185385	0	0.144161740356966	0	0	0.855838259643035	0	0	0	0	0.333850116149645	0	0	0.666149883850355	0	0	0	0	0.201420521647209	0	0	0.798579478352791	0	0	0	21	318	35	14	49	21.9226433760433	250.836895936597	16.3843969778322	7.08414615819848	23.4685431360307	0.0556239424562422	0.0323242073949739	0.358729192287031	0.279297508573615	0.124001602086862	0.0818599224210637	0	0	0	0	0	0	0.0626989395298328	7198	false	0.57	1.64	0.1704	0.3178	0	TRUE	Patient90	1
0.0302258260462578	0	0.402857904165278	0	0	0	0	0	0	0	0.0569149270611362	0	0	0	0	0	0	0	0.240564878950019	0.110896681189479	0	0	0	0	0	0	0	0	0	0	0.0564953970001896	0.0724599282099551	0.0655620264684663	0.0259970354097958	0.0749848479592979	0.0779912057996155	0.0414499287201595	0	0	0.202919469145404	Patient94	8693	1086	116	NA	NA	NA	NA	NA	NA	NA	NA	0.10860621037838	0.0502690328198676	0.144353118446855	0.142978453450689	0.0662232627271779	0.103695610380497	0.0282900194287925	0.35558429236774	0	0	0	0	0	0	0.50017890526875	0.49982109473125	0	0.1662250215092	0	0.335527423467938	0	0	0	0.498247555022862	0	0.111683568664831	0	0.2219287947596	0	0	0.139293695673824	0.527093940901745	NA	112	2	5	7	NA	117.054985944777	3.83302117906265	7.06369769670306	10.4849717511335	NA	NA	NA	NA	NA	NA	NA	NA	NA	NA	NA	NA	NA	NA	true	0.29	3.05	0.0172	0.4817	0	FALSE	Patient94	1
